4
16 8 4 1
0.531517 -0.035128 0.065770 0.331956 -0.101875 -0.224648 0.496268 0.415839
0.424323 0.352498 -0.140800 0.177917 -0.030526 0.133655 0.287843 0.732209
0.135930 -0.153442 0.001830 -0.233001 -0.039426 -0.128088 0.185657 0.471175
0.163476 -0.099817 -0.194040 0.057673 -0.024291 -0.343497 0.231290 0.220729
0.456094 -0.074690 -0.113173 0.293833 -0.382988 -0.097817 0.587010 -0.002740
0.587535 -0.103686 -0.063427 0.126259 0.120199 -0.157813 -0.008865 0.314740
-0.181868 0.031739 -0.013552 -0.079180 0.031028 -0.048659 0.202347 0.154295
0.396825 0.366142 -0.038616 -0.106740 -0.437715 -0.554716 0.237577 0.157867
0.217342 0.151023 -0.353119 -0.329982 0.260298 -0.413385 0.319619 0.480048
0.197998 0.001696 -0.093452 -0.087240 -0.093976 0.094256 -0.314729 0.709798
0.289062 -0.471751 -0.232911 -0.192251 0.228204 -0.157127 0.479163 0.392312
0.045649 -0.097167 0.038792 -0.100378 0.211757 -0.310875 0.304122 0.892042
0.199039 -0.046359 -0.407300 -0.201308 -0.112073 0.223282 0.210170 0.082586
0.498357 -0.203597 -0.083638 -0.156846 -0.300215 -0.697042 -0.028953 0.420696
0.391908 -0.025703 -0.071969 -0.317162 -0.260837 0.306919 0.382843 0.517445
0.500563 -0.019998 -0.050218 -0.260327 -0.239731 -0.207346 0.224669 0.242197
-0.737534 -0.021459 -0.171839 0.074460
0.165494 0.133703 -0.224254 0.063022
-0.262612 -0.257737 0.250056 0.230194
-0.010745 0.343532 -0.075918 -0.148358
-0.699228 -0.019378 -0.058379 0.072659
-0.457108 0.102670 0.577757 -0.122260
-0.569805 -0.262930 0.131926 -0.732387
-0.396080 0.122285 0.593013 -0.229988
-0.445034
-0.223612
0.285294
-0.455117
*
[ 0.50974564  0.05184334  0.44012636  0.15548025  0.00809468 -0.26203125
 -0.01737718 -0.10794811]
[ 0.29026183 -0.11071417 -0.57360602  0.30014467]
[0.25796532]
