4
16 8 4 1
-0.590528 -0.426997 -1.259419 -1.293723 -0.456760 -0.284343 1.825205 -1.605515
-0.588269 -0.562432 -1.496429 -1.054310 -0.010168 -0.432649 2.119270 -1.258984
-0.660516 -0.377599 -1.396493 -1.435493 -0.074458 0.011296 2.443988 -1.692464
-0.579042 -0.339904 -1.420286 -0.958675 -0.315300 -0.534284 2.065380 -1.421394
-0.725282 -0.498119 -1.407711 -1.048934 -0.653471 -0.025869 2.040925 -1.195003
-0.262500 -0.588551 -1.147923 -1.725277 -0.408313 -0.244567 2.105945 -0.978149
-0.752805 -0.218928 -1.757034 -1.261816 -0.026326 -0.327873 1.604722 -1.590595
-0.593898 -0.582160 -1.361399 -1.156321 -0.088831 -0.768959 2.112819 -1.355697
-0.682572 -0.337568 -1.115362 -1.279307 -0.006223 -0.162594 2.054164 -1.459631
-0.904536 -0.545590 -1.665600 -0.791304 -0.258713 -0.442034 1.801913 -1.004370
-0.931720 -0.500807 -1.420473 -1.236649 -0.521709 -0.575374 2.274860 -1.305116
-0.362329 -0.416321 -1.368797 -0.842042 -0.423174 -0.147019 2.049225 -0.920463
-0.367940 -0.774230 -1.559851 -1.337033 -0.509709 -0.632621 2.064851 -1.405593
-0.856943 -0.661658 -1.469302 -1.111198 -0.168176 -0.062608 2.491247 -1.244777
-0.741839 -0.153327 -1.314461 -1.050046 -0.238237 -0.907097 1.967917 -1.160015
-0.669914 -0.671851 -1.148278 -1.323020 -0.398181 -0.848277 2.577565 -1.423439
-0.200426 0.290462 0.119113 -0.014657
0.159080 0.444289 -0.237484 -0.235098
0.233809 0.703944 0.343163 0.678346
0.206268 0.288083 -0.570725 0.224804
0.340228 0.357409 0.136019 -0.164192
-0.174542 0.596848 0.577204 0.104621
-0.197887 0.008175 -0.007471 -0.019235
0.311169 0.563322 0.353479 0.179395
0.391712
0.344974
1.112102
1.311074
*
[-0.31014628 -0.0168934  -0.07705694  0.27058961 -0.01537799  0.100156
  0.21857927 -0.06097652]
[ 0.06921506  0.11184259 -0.72714901  0.61224797]
[0.2430657]
